48 40
0 0 113 2968212 2968260
0 1 113 2968212 2968260
0 2 107 2968212 2968260
0 3 115 2968212 2968260
0 4 115 2968212 2968260
0 5 115 2968212 2968260
0 6 115 2968212 2968260
0 7 115 2968212 2968260
0 8 115 2968212 2968260
0 9 115 2968212 2968260
0 10 115 2968212 2968260
0 11 123 2968212 2968260
0 12 113 2968212 2968260
0 13 124 2968212 2968260
0 14 113 2968212 2968260
0 15 121 2968212 2968260
0 16 8 2968212 2968260
0 17 212 2968212 2968260
0 18 220 2968212 2968260
0 19 228 2968212 2968260
0 20 105 2968212 2968260
0 21 113 2968212 2968260
0 22 107 2968212 2968260
0 23 115 2968212 2968260
0 24 115 2968212 2968260
0 25 115 2968212 2968260
0 26 115 2968212 2968260
0 27 115 2968212 2968260
0 28 187 2968212 2968260
0 29 113 2968212 2968260
0 30 113 2968212 2968260
0 31 113 2968212 2968260
0 32 113 2968212 2968260
0 33 113 2968212 2968260
0 34 113 2968212 2968260
0 35 113 2968212 2968260
0 36 113 2968212 2968260
0 37 113 2968212 2968260
0 38 113 2968212 2968260
0 39 113 2968212 2968260
1 0 113 2968212 2968260
1 1 113 2968212 2968260
1 2 108 2968212 2968260
1 3 113 2968212 2968260
1 4 113 2968212 2968260
1 5 113 2968212 2968260
1 6 113 2968212 2968260
1 7 113 2968212 2968260
1 8 113 2968212 2968260
1 9 113 2968212 2968260
1 10 113 2968212 2968260
1 11 124 2968212 2968260
1 12 113 2968212 2968260
1 13 124 2968212 2968260
1 14 113 2968212 2968260
1 15 121 2968212 2968260
1 16 9 2968212 2968260
1 17 213 2968212 2968260
1 18 221 2968212 2968260
1 19 229 2968212 2968260
1 20 105 2968212 2968260
1 21 107 2968212 2968260
1 22 187 2968212 2968260
1 23 113 2968212 2968260
1 24 113 2968212 2968260
1 25 113 2968212 2968260
1 26 113 2968212 2968260
1 27 113 2968212 2968260
1 28 113 2968212 2968260
1 29 113 2968212 2968260
1 30 113 2968212 2968260
1 31 113 2968212 2968260
1 32 113 2968212 2968260
1 33 113 2968212 2968260
1 34 113 2968212 2968260
1 35 113 2968212 2968260
1 36 113 2968212 2968260
1 37 113 2968212 2968260
1 38 113 2968212 2968260
1 39 113 2968212 2968260
2 0 186 2968212 2968260
2 1 113 2968212 2968260
2 2 108 2968212 2968260
2 3 113 2968212 2968260
2 4 113 2968212 2968260
2 5 113 2968212 2968260
2 6 113 2968212 2968260
2 7 113 2968212 2968260
2 8 113 2968212 2968260
2 9 113 2968212 2968260
2 10 113 2968212 2968260
2 11 124 2968212 2968260
2 12 113 2968212 2968260
2 13 124 2968212 2968260
2 14 113 2968212 2968260
2 15 121 2968212 2968260
2 16 245 2968212 2968260
2 17 245 2968212 2968260
2 18 245 2968212 2968260
2 19 245 2968212 2968260
2 20 105 2968212 2968260
2 21 108 2968212 2968260
2 22 113 2968212 2968260
2 23 113 2968212 2968260
2 24 113 2968212 2968260
2 25 113 2968212 2968260
2 26 113 2968212 2968260
2 27 113 2968212 2968260
2 28 113 2968212 2968260
2 29 113 2968212 2968260
2 30 113 2968212 2968260
2 31 113 2968212 2968260
2 32 113 2968212 2968260
2 33 113 2968212 2968260
2 34 113 2968212 2968260
2 35 113 2968212 2968260
2 36 113 2968212 2968260
2 37 113 2968212 2968260
2 38 113 2968212 2968260
2 39 113 2968212 2968260
3 0 108 2968212 2968260
3 1 113 2968212 2968260
3 2 109 2968212 2968260
3 3 186 2968212 2968260
3 4 113 2968212 2968260
3 5 113 2968212 2968260
3 6 113 2968212 2968260
3 7 113 2968212 2968260
3 8 113 2968212 2968260
3 9 178 2968212 2968260
3 10 117 2968212 2968260
3 11 125 2968212 2968260
3 12 113 2968212 2968260
3 13 124 2968212 2968260
3 14 113 2968212 2968260
3 15 121 2968212 2968260
3 16 9 2968212 2968260
3 17 211 2968212 2968260
3 18 219 2968212 2968260
3 19 227 2968212 2968260
3 20 105 2968212 2968260
3 21 108 2968212 2968260
3 22 113 2968212 2968260
3 23 113 2968212 2968260
3 24 113 2968212 2968260
3 25 113 2968212 2968260
3 26 113 2968212 2968260
3 27 113 2968212 2968260
3 28 113 2968212 2968260
3 29 113 2968212 2968260
3 30 113 2968212 2968260
3 31 113 2968212 2968260
3 32 113 2968212 2968260
3 33 113 2968212 2968260
3 34 113 2968212 2968260
3 35 113 2968212 2968260
3 36 113 2968212 2968260
3 37 113 2968212 2968260
3 38 113 2968212 2968260
3 39 113 2968212 2968260
4 0 109 2968212 2968260
4 1 186 2968212 2968260
4 2 113 2968212 2968260
4 3 109 2968212 2968260
4 4 117 2968212 2968260
4 5 117 2968212 2968260
4 6 117 2968212 2968260
4 7 117 2968212 2968260
4 8 117 2968212 2968260
4 9 125 2968212 2968260
4 10 113 2968212 2968260
4 11 113 2968212 2968260
4 12 178 2968212 2968260
4 13 125 2968212 2968260
4 14 113 2968212 2968260
4 15 121 2968212 2968260
4 16 3 2968212 2968260
4 17 212 2968212 2968260
4 18 220 2968212 2968260
4 19 228 2968212 2968260
4 20 105 2968212 2968260
4 21 109 2968212 2968260
4 22 117 2968212 2968260
4 23 186 2968212 2968260
4 24 113 2968212 2968260
4 25 113 2968212 2968260
4 26 113 2968212 2968260
4 27 113 2968212 2968260
4 28 113 2968212 2968260
4 29 113 2968212 2968260
4 30 113 2968212 2968260
4 31 178 2968212 2968260
4 32 117 2968212 2968260
4 33 117 2968212 2968260
4 34 114 2968212 2968260
4 35 114 2968212 2968260
4 36 114 2968212 2968260
4 37 114 2968212 2968260
4 38 114 2968212 2968260
4 39 114 2968212 2968260
5 0 113 2968212 2968260
5 1 109 2968212 2968260
5 2 117 2968212 2968260
5 3 186 2968212 2968260
5 4 113 2968212 2968260
5 5 113 2968212 2968260
5 6 113 2968212 2968260
5 7 113 2968212 2968260
5 8 113 2968212 2968260
5 9 113 2968212 2968260
5 10 113 2968212 2968260
5 11 178 2968212 2968260
5 12 125 2968212 2968260
5 13 113 2968212 2968260
5 14 178 2968212 2968260
5 15 122 2968212 2968260
5 16 9 2968212 2968260
5 17 212 2968212 2968260
5 18 220 2968212 2968260
5 19 228 2968212 2968260
5 20 105 2968212 2968260
5 21 113 2968212 2968260
5 22 113 2968212 2968260
5 23 109 2968212 2968260
5 24 117 2968212 2968260
5 25 117 2968212 2968260
5 26 117 2968212 2968260
5 27 117 2968212 2968260
5 28 117 2968212 2968260
5 29 117 2968212 2968260
5 30 117 2968212 2968260
5 31 125 2968212 2968260
5 32 113 2968212 2968260
5 33 178 2968212 2968260
5 34 114 2968212 2968260
5 35 114 2968212 2968260
5 36 114 2968212 2968260
5 37 114 2968212 2968260
5 38 114 2968212 2968260
5 39 114 2968212 2968260
6 0 113 2968212 2968260
6 1 113 2968212 2968260
6 2 113 2968212 2968260
6 3 109 2968212 2968260
6 4 117 2968212 2968260
6 5 117 2968212 2968260
6 6 117 2968212 2968260
6 7 117 2968212 2968260
6 8 117 2968212 2968260
6 9 117 2968212 2968260
6 10 117 2968212 2968260
6 11 125 2968212 2968260
6 12 113 2968212 2968260
6 13 113 2968212 2968260
6 14 121 2968212 2968260
6 15 8 2968212 2968260
6 16 8 2968212 2968260
6 17 212 2968212 2968260
6 18 220 2968212 2968260
6 19 228 2968212 2968260
6 20 106 2968212 2968260
6 21 114 2968212 2968260
6 22 114 2968212 2968260
6 23 114 2968212 2968260
6 24 114 2968212 2968260
6 25 114 2968212 2968260
6 26 114 2968212 2968260
6 27 114 2968212 2968260
6 28 114 2968212 2968260
6 29 114 2968212 2968260
6 30 498 2968212 2968260
6 31 114 2968212 2968260
6 32 114 2968212 2968260
6 33 700 2968212 2968260
6 34 30 2968212 2968260
6 35 22 2968212 2968260
6 36 30 2968212 2968260
6 37 22 2968212 2968260
6 38 30 2968212 2968260
6 39 22 2968212 2968260
7 0 114 2968212 2968260
7 1 114 2968212 2968260
7 2 114 2968212 2968260
7 3 114 2968212 2968260
7 4 114 2968212 2968260
7 5 114 2968212 2968260
7 6 114 2968212 2968260
7 7 114 2968212 2968260
7 8 114 2968212 2968260
7 9 114 2968212 2968260
7 10 114 2968212 2968260
7 11 114 2968212 2968260
7 12 114 2968212 2968260
7 13 114 2968212 2968260
7 14 122 2968212 2968260
7 15 9 2968212 2968260
7 16 9 2968212 2968260
7 17 212 2968212 2968260
7 18 220 2968212 2968260
7 19 228 2968212 2968260
7 20 8 2968212 2968260
7 21 16 2968212 2968260
7 22 14 2968212 2968260
7 23 30 2968212 2968260
7 24 38 2968212 2968260
7 25 211 2968212 2968260
7 26 219 2968212 2968260
7 27 227 2968212 2968260
7 28 1 2968212 2968260
7 29 8 2968212 2968260
7 30 135 2968212 2968260
7 31 8 2968212 2968260
7 32 16 2968212 2968260
7 33 15 2968212 2968260
7 34 31 2968212 2968260
7 35 21 2968212 2968260
7 36 29 2968212 2968260
7 37 21 2968212 2968260
7 38 29 2968212 2968260
7 39 21 2968212 2968260
8 0 30 2968212 2968260
8 1 22 2968212 2968260
8 2 30 2968212 2968260
8 3 38 2968212 2968260
8 4 231 2968212 2968260
8 5 8 2968212 2968260
8 6 1 2968212 2968260
8 7 9 2968212 2968260
8 8 9 2968212 2968260
8 9 8 2968212 2968260
8 10 9 2968212 2968260
8 11 17 2968212 2968260
8 12 16 2968212 2968260
8 13 9 2968212 2968260
8 14 16 2968212 2968260
8 15 9 2968212 2968260
8 16 8 2968212 2968260
8 17 213 2968212 2968260
8 18 221 2968212 2968260
8 19 229 2968212 2968260
8 20 1 2968212 2968260
8 21 17 2968212 2968260
8 22 15 2968212 2968260
8 23 31 2968212 2968260
8 24 37 2968212 2968260
8 25 212 2968212 2968260
8 26 220 2968212 2968260
8 27 260 2968212 2968260
8 28 227 2968212 2968260
8 29 1 2968212 2968260
8 30 135 2968212 2968260
8 31 9 2968212 2968260
8 32 17 2968212 2968260
8 33 14 2968212 2968260
8 34 30 2968212 2968260
8 35 20 2968212 2968260
8 36 28 2968212 2968260
8 37 20 2968212 2968260
8 38 28 2968212 2968260
8 39 20 2968212 2968260
9 0 29 2968212 2968260
9 1 21 2968212 2968260
9 2 29 2968212 2968260
9 3 37 2968212 2968260
9 4 231 2968212 2968260
9 5 1 2968212 2968260
9 6 236 2968212 2968260
9 7 244 2968212 2968260
9 8 244 2968212 2968260
9 9 244 2968212 2968260
9 10 244 2968212 2968260
9 11 244 2968212 2968260
9 12 244 2968212 2968260
9 13 244 2968212 2968260
9 14 244 2968212 2968260
9 15 244 2968212 2968260
9 16 252 2968212 2968260
9 17 17 2968212 2968260
9 18 9 2968212 2968260
9 19 17 2968212 2968260
9 20 9 2968212 2968260
9 21 16 2968212 2968260
9 22 14 2968212 2968260
9 23 30 2968212 2968260
9 24 36 2968212 2968260
9 25 212 2968212 2968260
9 26 220 2968212 2968260
9 27 220 2968212 2968260
9 28 228 2968212 2968260
9 29 8 2968212 2968260
9 30 661 2968212 2968260
9 31 8 2968212 2968260
9 32 16 2968212 2968260
9 33 15 2968212 2968260
9 34 31 2968212 2968260
9 35 21 2968212 2968260
9 36 29 2968212 2968260
9 37 21 2968212 2968260
9 38 29 2968212 2968260
9 39 21 2968212 2968260
10 0 28 2968212 2968260
10 1 20 2968212 2968260
10 2 28 2968212 2968260
10 3 36 2968212 2968260
10 4 231 2968212 2968260
10 5 14 2968212 2968260
10 6 30 2968212 2968260
10 7 22 2968212 2968260
10 8 30 2968212 2968260
10 9 22 2968212 2968260
10 10 30 2968212 2968260
10 11 22 2968212 2968260
10 12 30 2968212 2968260
10 13 22 2968212 2968260
10 14 30 2968212 2968260
10 15 38 2968212 2968260
10 16 231 2968212 2968260
10 17 16 2968212 2968260
10 18 8 2968212 2968260
10 19 16 2968212 2968260
10 20 8 2968212 2968260
10 21 17 2968212 2968260
10 22 15 2968212 2968260
10 23 31 2968212 2968260
10 24 39 2968212 2968260
10 25 213 2968212 2968260
10 26 221 2968212 2968260
10 27 221 2968212 2968260
10 28 229 2968212 2968260
10 29 9 2968212 2968260
10 30 655 2968212 2968260
10 31 9 2968212 2968260
10 32 17 2968212 2968260
10 33 14 2968212 2968260
10 34 30 2968212 2968260
10 35 20 2968212 2968260
10 36 28 2968212 2968260
10 37 20 2968212 2968260
10 38 28 2968212 2968260
10 39 20 2968212 2968260
11 0 29 2968212 2968260
11 1 21 2968212 2968260
11 2 29 2968212 2968260
11 3 37 2968212 2968260
11 4 231 2968212 2968260
11 5 15 2968212 2968260
11 6 31 2968212 2968260
11 7 21 2968212 2968260
11 8 29 2968212 2968260
11 9 21 2968212 2968260
11 10 29 2968212 2968260
11 11 21 2968212 2968260
11 12 29 2968212 2968260
11 13 21 2968212 2968260
11 14 29 2968212 2968260
11 15 37 2968212 2968260
11 16 231 2968212 2968260
11 17 17 2968212 2968260
11 18 9 2968212 2968260
11 19 16 2968212 2968260
11 20 9 2968212 2968260
11 21 8 2968212 2968260
11 22 16 2968212 2968260
11 23 17 2968212 2968260
11 24 9 2968212 2968260
11 25 17 2968212 2968260
11 26 421 2968212 2968260
11 27 429 2968212 2968260
11 28 429 2968212 2968260
11 29 429 2968212 2968260
11 30 429 2968212 2968260
11 31 307 2968212 2968260
11 32 16 2968212 2968260
11 33 15 2968212 2968260
11 34 31 2968212 2968260
11 35 21 2968212 2968260
11 36 29 2968212 2968260
11 37 21 2968212 2968260
11 38 29 2968212 2968260
11 39 21 2968212 2968260
12 0 28 2968212 2968260
12 1 20 2968212 2968260
12 2 28 2968212 2968260
12 3 36 2968212 2968260
12 4 231 2968212 2968260
12 5 14 2968212 2968260
12 6 30 2968212 2968260
12 7 20 2968212 2968260
12 8 28 2968212 2968260
12 9 20 2968212 2968260
12 10 28 2968212 2968260
12 11 20 2968212 2968260
12 12 28 2968212 2968260
12 13 20 2968212 2968260
12 14 28 2968212 2968260
12 15 36 2968212 2968260
12 16 231 2968212 2968260
12 17 16 2968212 2968260
12 18 8 2968212 2968260
12 19 8 2968212 2968260
12 20 16 2968212 2968260
12 21 9 2968212 2968260
12 22 17 2968212 2968260
12 23 14 2968212 2968260
12 24 30 2968212 2968260
12 25 38 2968212 2968260
12 26 422 2968212 2968260
12 27 430 2968212 2968260
12 28 430 2968212 2968260
12 29 430 2968212 2968260
12 30 430 2968212 2968260
12 31 307 2968212 2968260
12 32 8 2968212 2968260
12 33 14 2968212 2968260
12 34 30 2968212 2968260
12 35 20 2968212 2968260
12 36 28 2968212 2968260
12 37 20 2968212 2968260
12 38 28 2968212 2968260
12 39 20 2968212 2968260
13 0 29 2968212 2968260
13 1 21 2968212 2968260
13 2 29 2968212 2968260
13 3 37 2968212 2968260
13 4 231 2968212 2968260
13 5 15 2968212 2968260
13 6 31 2968212 2968260
13 7 21 2968212 2968260
13 8 29 2968212 2968260
13 9 21 2968212 2968260
13 10 29 2968212 2968260
13 11 21 2968212 2968260
13 12 29 2968212 2968260
13 13 21 2968212 2968260
13 14 29 2968212 2968260
13 15 37 2968212 2968260
13 16 231 2968212 2968260
13 17 357 2968212 2968260
13 18 365 2968212 2968260
13 19 373 2968212 2968260
13 20 8 2968212 2968260
13 21 16 2968212 2968260
13 22 8 2968212 2968260
13 23 15 2968212 2968260
13 24 31 2968212 2968260
13 25 39 2968212 2968260
13 26 422 2968212 2968260
13 27 430 2968212 2968260
13 28 430 2968212 2968260
13 29 430 2968212 2968260
13 30 430 2968212 2968260
13 31 307 2968212 2968260
13 32 17 2968212 2968260
13 33 15 2968212 2968260
13 34 31 2968212 2968260
13 35 23 2968212 2968260
13 36 31 2968212 2968260
13 37 21 2968212 2968260
13 38 29 2968212 2968260
13 39 21 2968212 2968260
14 0 28 2968212 2968260
14 1 20 2968212 2968260
14 2 28 2968212 2968260
14 3 36 2968212 2968260
14 4 231 2968212 2968260
14 5 14 2968212 2968260
14 6 30 2968212 2968260
14 7 20 2968212 2968260
14 8 28 2968212 2968260
14 9 20 2968212 2968260
14 10 28 2968212 2968260
14 11 20 2968212 2968260
14 12 28 2968212 2968260
14 13 20 2968212 2968260
14 14 28 2968212 2968260
14 15 36 2968212 2968260
14 16 231 2968212 2968260
14 17 358 2968212 2968260
14 18 366 2968212 2968260
14 19 374 2968212 2968260
14 20 8 2968212 2968260
14 21 189 2968212 2968260
14 22 205 2968212 2968260
14 23 16 2968212 2968260
14 24 17 2968212 2968260
14 25 9 2968212 2968260
14 26 422 2968212 2968260
14 27 430 2968212 2968260
14 28 430 2968212 2968260
14 29 430 2968212 2968260
14 30 430 2968212 2968260
14 31 307 2968212 2968260
14 32 211 2968212 2968260
14 33 219 2968212 2968260
14 34 227 2968212 2968260
14 35 14 2968212 2968260
14 36 30 2968212 2968260
14 37 20 2968212 2968260
14 38 28 2968212 2968260
14 39 20 2968212 2968260
15 0 29 2968212 2968260
15 1 21 2968212 2968260
15 2 29 2968212 2968260
15 3 37 2968212 2968260
15 4 231 2968212 2968260
15 5 15 2968212 2968260
15 6 31 2968212 2968260
15 7 21 2968212 2968260
15 8 29 2968212 2968260
15 9 21 2968212 2968260
15 10 29 2968212 2968260
15 11 21 2968212 2968260
15 12 29 2968212 2968260
15 13 21 2968212 2968260
15 14 29 2968212 2968260
15 15 37 2968212 2968260
15 16 231 2968212 2968260
15 17 358 2968212 2968260
15 18 366 2968212 2968260
15 19 374 2968212 2968260
15 20 9 2968212 2968260
15 21 190 2968212 2968260
15 22 203 2968212 2968260
15 23 197 2968212 2968260
15 24 205 2968212 2968260
15 25 8 2968212 2968260
15 26 422 2968212 2968260
15 27 430 2968212 2968260
15 28 430 2968212 2968260
15 29 430 2968212 2968260
15 30 430 2968212 2968260
15 31 307 2968212 2968260
15 32 212 2968212 2968260
15 33 220 2968212 2968260
15 34 228 2968212 2968260
15 35 15 2968212 2968260
15 36 31 2968212 2968260
15 37 21 2968212 2968260
15 38 29 2968212 2968260
15 39 21 2968212 2968260
16 0 28 2968212 2968260
16 1 20 2968212 2968260
16 2 28 2968212 2968260
16 3 36 2968212 2968260
16 4 231 2968212 2968260
16 5 14 2968212 2968260
16 6 30 2968212 2968260
16 7 20 2968212 2968260
16 8 28 2968212 2968260
16 9 20 2968212 2968260
16 10 28 2968212 2968260
16 11 20 2968212 2968260
16 12 28 2968212 2968260
16 13 20 2968212 2968260
16 14 28 2968212 2968260
16 15 36 2968212 2968260
16 16 231 2968212 2968260
16 17 358 2968212 2968260
16 18 366 2968212 2968260
16 19 374 2968212 2968260
16 20 8 2968212 2968260
16 21 190 2968212 2968260
16 22 198 2968212 2968260
16 23 198 2968212 2968260
16 24 206 2968212 2968260
16 25 9 2968212 2968260
16 26 423 2968212 2968260
16 27 431 2968212 2968260
16 28 431 2968212 2968260
16 29 431 2968212 2968260
16 30 431 2968212 2968260
16 31 307 2968212 2968260
16 32 212 2968212 2968260
16 33 220 2968212 2968260
16 34 228 2968212 2968260
16 35 14 2968212 2968260
16 36 30 2968212 2968260
16 37 20 2968212 2968260
16 38 28 2968212 2968260
16 39 20 2968212 2968260
17 0 31 2968212 2968260
17 1 23 2968212 2968260
17 2 31 2968212 2968260
17 3 39 2968212 2968260
17 4 231 2968212 2968260
17 5 15 2968212 2968260
17 6 31 2968212 2968260
17 7 23 2968212 2968260
17 8 31 2968212 2968260
17 9 23 2968212 2968260
17 10 31 2968212 2968260
17 11 23 2968212 2968260
17 12 31 2968212 2968260
17 13 23 2968212 2968260
17 14 31 2968212 2968260
17 15 39 2968212 2968260
17 16 231 2968212 2968260
17 17 358 2968212 2968260
17 18 366 2968212 2968260
17 19 374 2968212 2968260
17 20 9 2968212 2968260
17 21 191 2968212 2968260
17 22 199 2968212 2968260
17 23 196 2968212 2968260
17 24 206 2968212 2968260
17 25 8 2968212 2968260
17 26 16 2968212 2968260
17 27 8 2968212 2968260
17 28 16 2968212 2968260
17 29 8 2968212 2968260
17 30 654 2968212 2968260
17 31 17 2968212 2968260
17 32 212 2968212 2968260
17 33 220 2968212 2968260
17 34 228 2968212 2968260
17 35 15 2968212 2968260
17 36 31 2968212 2968260
17 37 21 2968212 2968260
17 38 29 2968212 2968260
17 39 21 2968212 2968260
18 0 245 2968212 2968260
18 1 245 2968212 2968260
18 2 245 2968212 2968260
18 3 245 2968212 2968260
18 4 253 2968212 2968260
18 5 1 2968212 2968260
18 6 237 2968212 2968260
18 7 245 2968212 2968260
18 8 245 2968212 2968260
18 9 245 2968212 2968260
18 10 245 2968212 2968260
18 11 245 2968212 2968260
18 12 245 2968212 2968260
18 13 245 2968212 2968260
18 14 245 2968212 2968260
18 15 245 2968212 2968260
18 16 253 2968212 2968260
18 17 358 2968212 2968260
18 18 366 2968212 2968260
18 19 374 2968212 2968260
18 20 8 2968212 2968260
18 21 9 2968212 2968260
18 22 17 2968212 2968260
18 23 191 2968212 2968260
18 24 207 2968212 2968260
18 25 9 2968212 2968260
18 26 17 2968212 2968260
18 27 9 2968212 2968260
18 28 17 2968212 2968260
18 29 9 2968212 2968260
18 30 661 2968212 2968260
18 31 9 2968212 2968260
18 32 212 2968212 2968260
18 33 220 2968212 2968260
18 34 228 2968212 2968260
18 35 14 2968212 2968260
18 36 30 2968212 2968260
18 37 20 2968212 2968260
18 38 28 2968212 2968260
18 39 20 2968212 2968260
19 0 231 2968212 2968260
19 1 16 2968212 2968260
19 2 9 2968212 2968260
19 3 17 2968212 2968260
19 4 8 2968212 2968260
19 5 16 2968212 2968260
19 6 9 2968212 2968260
19 7 5 2968212 2968260
19 8 8 2968212 2968260
19 9 5 2968212 2968260
19 10 9 2968212 2968260
19 11 5 2968212 2968260
19 12 8 2968212 2968260
19 13 5 2968212 2968260
19 14 9 2968212 2968260
19 15 5 2968212 2968260
19 16 8 2968212 2968260
19 17 358 2968212 2968260
19 18 366 2968212 2968260
19 19 374 2968212 2968260
19 20 9 2968212 2968260
19 21 17 2968212 2968260
19 22 9 2968212 2968260
19 23 8 2968212 2968260
19 24 16 2968212 2968260
19 25 8 2968212 2968260
19 26 16 2968212 2968260
19 27 8 2968212 2968260
19 28 16 2968212 2968260
19 29 8 2968212 2968260
19 30 177 2968212 2968260
19 31 8 2968212 2968260
19 32 212 2968212 2968260
19 33 220 2968212 2968260
19 34 228 2968212 2968260
19 35 15 2968212 2968260
19 36 31 2968212 2968260
19 37 21 2968212 2968260
19 38 29 2968212 2968260
19 39 21 2968212 2968260
20 0 231 2968212 2968260
20 1 17 2968212 2968260
20 2 357 2968212 2968260
20 3 365 2968212 2968260
20 4 365 2968212 2968260
20 5 365 2968212 2968260
20 6 365 2968212 2968260
20 7 365 2968212 2968260
20 8 365 2968212 2968260
20 9 365 2968212 2968260
20 10 365 2968212 2968260
20 11 365 2968212 2968260
20 12 365 2968212 2968260
20 13 365 2968212 2968260
20 14 365 2968212 2968260
20 15 365 2968212 2968260
20 16 2 2968212 2968260
20 17 405 2968212 2968260
20 18 366 2968212 2968260
20 19 413 2968212 2968260
20 20 365 2968212 2968260
20 21 365 2968212 2968260
20 22 365 2968212 2968260
20 23 365 2968212 2968260
20 24 365 2968212 2968260
20 25 365 2968212 2968260
20 26 365 2968212 2968260
20 27 365 2968212 2968260
20 28 365 2968212 2968260
20 29 373 2968212 2968260
20 30 16 2968212 2968260
20 31 3 2968212 2968260
20 32 212 2968212 2968260
20 33 220 2968212 2968260
20 34 228 2968212 2968260
20 35 14 2968212 2968260
20 36 30 2968212 2968260
20 37 20 2968212 2968260
20 38 28 2968212 2968260
20 39 20 2968212 2968260
21 0 231 2968212 2968260
21 1 16 2968212 2968260
21 2 358 2968212 2968260
21 3 366 2968212 2968260
21 4 366 2968212 2968260
21 5 366 2968212 2968260
21 6 366 2968212 2968260
21 7 366 2968212 2968260
21 8 366 2968212 2968260
21 9 366 2968212 2968260
21 10 366 2968212 2968260
21 11 366 2968212 2968260
21 12 366 2968212 2968260
21 13 366 2968212 2968260
21 14 366 2968212 2968260
21 15 366 2968212 2968260
21 16 366 2968212 2968260
21 17 366 2968212 2968260
21 18 366 2968212 2968260
21 19 366 2968212 2968260
21 20 366 2968212 2968260
21 21 366 2968212 2968260
21 22 366 2968212 2968260
21 23 366 2968212 2968260
21 24 366 2968212 2968260
21 25 366 2968212 2968260
21 26 366 2968212 2968260
21 27 366 2968212 2968260
21 28 366 2968212 2968260
21 29 374 2968212 2968260
21 30 16 2968212 2968260
21 31 16 2968212 2968260
21 32 212 2968212 2968260
21 33 220 2968212 2968260
21 34 228 2968212 2968260
21 35 15 2968212 2968260
21 36 31 2968212 2968260
21 37 23 2968212 2968260
21 38 31 2968212 2968260
21 39 23 2968212 2968260
22 0 231 2968212 2968260
22 1 17 2968212 2968260
22 2 359 2968212 2968260
22 3 367 2968212 2968260
22 4 367 2968212 2968260
22 5 367 2968212 2968260
22 6 406 2968212 2968260
22 7 366 2968212 2968260
22 8 414 2968212 2968260
22 9 367 2968212 2968260
22 10 367 2968212 2968260
22 11 367 2968212 2968260
22 12 367 2968212 2968260
22 13 367 2968212 2968260
22 14 367 2968212 2968260
22 15 367 2968212 2968260
22 16 367 2968212 2968260
22 17 367 2968212 2968260
22 18 367 2968212 2968260
22 19 367 2968212 2968260
22 20 406 2968212 2968260
22 21 366 2968212 2968260
22 22 414 2968212 2968260
22 23 367 2968212 2968260
22 24 367 2968212 2968260
22 25 367 2968212 2968260
22 26 367 2968212 2968260
22 27 406 2968212 2968260
22 28 366 2968212 2968260
22 29 374 2968212 2968260
22 30 17 2968212 2968260
22 31 16 2968212 2968260
22 32 212 2968212 2968260
22 33 220 2968212 2968260
22 34 228 2968212 2968260
22 35 14 2968212 2968260
22 36 30 2968212 2968260
22 37 20 2968212 2968260
22 38 28 2968212 2968260
22 39 20 2968212 2968260
23 0 231 2968212 2968260
23 1 3 2968212 2968260
23 2 16 2968212 2968260
23 3 9 2968212 2968260
23 4 17 2968212 2968260
23 5 16 2968212 2968260
23 6 358 2968212 2968260
23 7 366 2968212 2968260
23 8 374 2968212 2968260
23 9 645 2968212 2968260
23 10 197 2968212 2968260
23 11 653 2968212 2968260
23 12 205 2968212 2968260
23 13 16 2968212 2968260
23 14 9 2968212 2968260
23 15 8 2968212 2968260
23 16 645 2968212 2968260
23 17 197 2968212 2968260
23 18 653 2968212 2968260
23 19 205 2968212 2968260
23 20 358 2968212 2968260
23 21 366 2968212 2968260
23 22 374 2968212 2968260
23 23 8 2968212 2968260
23 24 1 2968212 2968260
23 25 8 2968212 2968260
23 26 1 2968212 2968260
23 27 358 2968212 2968260
23 28 366 2968212 2968260
23 29 374 2968212 2968260
23 30 176 2968212 2968260
23 31 8 2968212 2968260
23 32 212 2968212 2968260
23 33 220 2968212 2968260
23 34 228 2968212 2968260
23 35 15 2968212 2968260
23 36 31 2968212 2968260
23 37 21 2968212 2968260
23 38 29 2968212 2968260
23 39 21 2968212 2968260
24 0 22 2968212 2968260
24 1 30 2968212 2968260
24 2 22 2968212 2968260
24 3 30 2968212 2968260
24 4 38 2968212 2968260
24 5 8 2968212 2968260
24 6 358 2968212 2968260
24 7 366 2968212 2968260
24 8 680 2968212 2968260
24 9 648 2968212 2968260
24 10 656 2968212 2968260
24 11 669 2968212 2968260
24 12 206 2968212 2968260
24 13 8 2968212 2968260
24 14 16 2968212 2968260
24 15 640 2968212 2968260
24 16 648 2968212 2968260
24 17 656 2968212 2968260
24 18 664 2968212 2968260
24 19 672 2968212 2968260
24 20 358 2968212 2968260
24 21 366 2968212 2968260
24 22 688 2968212 2968260
24 23 72 2968212 2968260
24 24 80 2968212 2968260
24 25 88 2968212 2968260
24 26 96 2968212 2968260
24 27 358 2968212 2968260
24 28 366 2968212 2968260
24 29 374 2968212 2968260
24 30 135 2968212 2968260
24 31 9 2968212 2968260
24 32 212 2968212 2968260
24 33 220 2968212 2968260
24 34 228 2968212 2968260
24 35 14 2968212 2968260
24 36 30 2968212 2968260
24 37 20 2968212 2968260
24 38 28 2968212 2968260
24 39 20 2968212 2968260
25 0 21 2968212 2968260
25 1 29 2968212 2968260
25 2 21 2968212 2968260
25 3 29 2968212 2968260
25 4 37 2968212 2968260
25 5 9 2968212 2968260
25 6 358 2968212 2968260
25 7 366 2968212 2968260
25 8 681 2968212 2968260
25 9 649 2968212 2968260
25 10 657 2968212 2968260
25 11 665 2968212 2968260
25 12 206 2968212 2968260
25 13 9 2968212 2968260
25 14 17 2968212 2968260
25 15 641 2968212 2968260
25 16 649 2968212 2968260
25 17 657 2968212 2968260
25 18 665 2968212 2968260
25 19 206 2968212 2968260
25 20 358 2968212 2968260
25 21 366 2968212 2968260
25 22 689 2968212 2968260
25 23 73 2968212 2968260
25 24 81 2968212 2968260
25 25 89 2968212 2968260
25 26 97 2968212 2968260
25 27 358 2968212 2968260
25 28 366 2968212 2968260
25 29 374 2968212 2968260
25 30 135 2968212 2968260
25 31 16 2968212 2968260
25 32 212 2968212 2968260
25 33 220 2968212 2968260
25 34 228 2968212 2968260
25 35 15 2968212 2968260
25 36 31 2968212 2968260
25 37 21 2968212 2968260
25 38 29 2968212 2968260
25 39 21 2968212 2968260
26 0 20 2968212 2968260
26 1 28 2968212 2968260
26 2 20 2968212 2968260
26 3 28 2968212 2968260
26 4 36 2968212 2968260
26 5 8 2968212 2968260
26 6 358 2968212 2968260
26 7 366 2968212 2968260
26 8 682 2968212 2968260
26 9 650 2968212 2968260
26 10 658 2968212 2968260
26 11 677 2968212 2968260
26 12 206 2968212 2968260
26 13 8 2968212 2968260
26 14 16 2968212 2968260
26 15 642 2968212 2968260
26 16 650 2968212 2968260
26 17 658 2968212 2968260
26 18 666 2968212 2968260
26 19 674 2968212 2968260
26 20 358 2968212 2968260
26 21 366 2968212 2968260
26 22 690 2968212 2968260
26 23 74 2968212 2968260
26 24 82 2968212 2968260
26 25 90 2968212 2968260
26 26 98 2968212 2968260
26 27 366 2968212 2968260
26 28 366 2968212 2968260
26 29 374 2968212 2968260
26 30 135 2968212 2968260
26 31 8 2968212 2968260
26 32 212 2968212 2968260
26 33 220 2968212 2968260
26 34 228 2968212 2968260
26 35 14 2968212 2968260
26 36 30 2968212 2968260
26 37 22 2968212 2968260
26 38 30 2968212 2968260
26 39 22 2968212 2968260
27 0 21 2968212 2968260
27 1 29 2968212 2968260
27 2 21 2968212 2968260
27 3 29 2968212 2968260
27 4 39 2968212 2968260
27 5 9 2968212 2968260
27 6 358 2968212 2968260
27 7 366 2968212 2968260
27 8 683 2968212 2968260
27 9 651 2968212 2968260
27 10 659 2968212 2968260
27 11 678 2968212 2968260
27 12 646 2968212 2968260
27 13 9 2968212 2968260
27 14 17 2968212 2968260
27 15 643 2968212 2968260
27 16 651 2968212 2968260
27 17 659 2968212 2968260
27 18 667 2968212 2968260
27 19 675 2968212 2968260
27 20 358 2968212 2968260
27 21 366 2968212 2968260
27 22 691 2968212 2968260
27 23 75 2968212 2968260
27 24 83 2968212 2968260
27 25 91 2968212 2968260
27 26 390 2968212 2968260
27 27 358 2968212 2968260
27 28 366 2968212 2968260
27 29 374 2968212 2968260
27 30 135 2968212 2968260
27 31 9 2968212 2968260
27 32 212 2968212 2968260
27 33 220 2968212 2968260
27 34 228 2968212 2968260
27 35 15 2968212 2968260
27 36 31 2968212 2968260
27 37 21 2968212 2968260
27 38 29 2968212 2968260
27 39 21 2968212 2968260
28 0 28 2968212 2968260
28 1 20 2968212 2968260
28 2 28 2968212 2968260
28 3 36 2968212 2968260
28 4 1 2968212 2968260
28 5 8 2968212 2968260
28 6 358 2968212 2968260
28 7 366 2968212 2968260
28 8 684 2968212 2968260
28 9 652 2968212 2968260
28 10 660 2968212 2968260
28 11 679 2968212 2968260
28 12 647 2968212 2968260
28 13 8 2968212 2968260
28 14 16 2968212 2968260
28 15 644 2968212 2968260
28 16 652 2968212 2968260
28 17 660 2968212 2968260
28 18 668 2968212 2968260
28 19 676 2968212 2968260
28 20 358 2968212 2968260
28 21 366 2968212 2968260
28 22 692 2968212 2968260
28 23 391 2968212 2968260
28 24 399 2968212 2968260
28 25 407 2968212 2968260
28 26 415 2968212 2968260
28 27 358 2968212 2968260
28 28 366 2968212 2968260
28 29 374 2968212 2968260
28 30 135 2968212 2968260
28 31 4 2968212 2968260
28 32 212 2968212 2968260
28 33 220 2968212 2968260
28 34 228 2968212 2968260
28 35 14 2968212 2968260
28 36 30 2968212 2968260
28 37 20 2968212 2968260
28 38 28 2968212 2968260
28 39 20 2968212 2968260
29 0 29 2968212 2968260
29 1 21 2968212 2968260
29 2 29 2968212 2968260
29 3 37 2968212 2968260
29 4 357 2968212 2968260
29 5 365 2968212 2968260
29 6 405 2968212 2968260
29 7 366 2968212 2968260
29 8 374 2968212 2968260
29 9 8 2968212 2968260
29 10 16 2968212 2968260
29 11 8 2968212 2968260
29 12 176 2968212 2968260
29 13 16 2968212 2968260
29 14 8 2968212 2968260
29 15 231 2968212 2968260
29 16 8 2968212 2968260
29 17 17 2968212 2968260
29 18 9 2968212 2968260
29 19 8 2968212 2968260
29 20 358 2968212 2968260
29 21 366 2968212 2968260
29 22 374 2968212 2968260
29 23 8 2968212 2968260
29 24 1 2968212 2968260
29 25 8 2968212 2968260
29 26 1 2968212 2968260
29 27 358 2968212 2968260
29 28 366 2968212 2968260
29 29 374 2968212 2968260
29 30 135 2968212 2968260
29 31 9 2968212 2968260
29 32 212 2968212 2968260
29 33 220 2968212 2968260
29 34 228 2968212 2968260
29 35 15 2968212 2968260
29 36 31 2968212 2968260
29 37 21 2968212 2968260
29 38 29 2968212 2968260
29 39 21 2968212 2968260
30 0 28 2968212 2968260
30 1 20 2968212 2968260
30 2 28 2968212 2968260
30 3 36 2968212 2968260
30 4 358 2968212 2968260
30 5 366 2968212 2968260
30 6 366 2968212 2968260
30 7 366 2968212 2968260
30 8 374 2968212 2968260
30 9 9 2968212 2968260
30 10 17 2968212 2968260
30 11 9 2968212 2968260
30 12 135 2968212 2968260
30 13 8 2968212 2968260
30 14 16 2968212 2968260
30 15 231 2968212 2968260
30 16 8 2968212 2968260
30 17 357 2968212 2968260
30 18 365 2968212 2968260
30 19 365 2968212 2968260
30 20 405 2968212 2968260
30 21 366 2968212 2968260
30 22 413 2968212 2968260
30 23 365 2968212 2968260
30 24 365 2968212 2968260
30 25 365 2968212 2968260
30 26 365 2968212 2968260
30 27 405 2968212 2968260
30 28 366 2968212 2968260
30 29 374 2968212 2968260
30 30 135 2968212 2968260
30 31 4 2968212 2968260
30 32 212 2968212 2968260
30 33 220 2968212 2968260
30 34 228 2968212 2968260
30 35 14 2968212 2968260
30 36 30 2968212 2968260
30 37 20 2968212 2968260
30 38 28 2968212 2968260
30 39 20 2968212 2968260
31 0 29 2968212 2968260
31 1 21 2968212 2968260
31 2 29 2968212 2968260
31 3 37 2968212 2968260
31 4 358 2968212 2968260
31 5 366 2968212 2968260
31 6 414 2968212 2968260
31 7 367 2968212 2968260
31 8 375 2968212 2968260
31 9 8 2968212 2968260
31 10 16 2968212 2968260
31 11 8 2968212 2968260
31 12 135 2968212 2968260
31 13 16 2968212 2968260
31 14 8 2968212 2968260
31 15 231 2968212 2968260
31 16 9 2968212 2968260
31 17 358 2968212 2968260
31 18 366 2968212 2968260
31 19 366 2968212 2968260
31 20 366 2968212 2968260
31 21 366 2968212 2968260
31 22 366 2968212 2968260
31 23 366 2968212 2968260
31 24 366 2968212 2968260
31 25 366 2968212 2968260
31 26 366 2968212 2968260
31 27 366 2968212 2968260
31 28 366 2968212 2968260
31 29 374 2968212 2968260
31 30 135 2968212 2968260
31 31 9 2968212 2968260
31 32 212 2968212 2968260
31 33 220 2968212 2968260
31 34 228 2968212 2968260
31 35 15 2968212 2968260
31 36 31 2968212 2968260
31 37 21 2968212 2968260
31 38 29 2968212 2968260
31 39 21 2968212 2968260
32 0 28 2968212 2968260
32 1 20 2968212 2968260
32 2 28 2968212 2968260
32 3 36 2968212 2968260
32 4 358 2968212 2968260
32 5 366 2968212 2968260
32 6 374 2968212 2968260
32 7 1 2968212 2968260
32 8 1 2968212 2968260
32 9 352 2968212 2968260
32 10 360 2968212 2968260
32 11 8 2968212 2968260
32 12 135 2968212 2968260
32 13 16 2968212 2968260
32 14 9 2968212 2968260
32 15 231 2968212 2968260
32 16 8 2968212 2968260
32 17 359 2968212 2968260
32 18 367 2968212 2968260
32 19 367 2968212 2968260
32 20 406 2968212 2968260
32 21 366 2968212 2968260
32 22 414 2968212 2968260
32 23 367 2968212 2968260
32 24 367 2968212 2968260
32 25 367 2968212 2968260
32 26 367 2968212 2968260
32 27 406 2968212 2968260
32 28 366 2968212 2968260
32 29 374 2968212 2968260
32 30 135 2968212 2968260
32 31 4 2968212 2968260
32 32 212 2968212 2968260
32 33 220 2968212 2968260
32 34 228 2968212 2968260
32 35 14 2968212 2968260
32 36 30 2968212 2968260
32 37 20 2968212 2968260
32 38 28 2968212 2968260
32 39 20 2968212 2968260
33 0 29 2968212 2968260
33 1 21 2968212 2968260
33 2 29 2968212 2968260
33 3 37 2968212 2968260
33 4 358 2968212 2968260
33 5 366 2968212 2968260
33 6 685 2968212 2968260
33 7 321 2968212 2968260
33 8 329 2968212 2968260
33 9 336 2968212 2968260
33 10 344 2968212 2968260
33 11 9 2968212 2968260
33 12 135 2968212 2968260
33 13 8 2968212 2968260
33 14 16 2968212 2968260
33 15 231 2968212 2968260
33 16 8 2968212 2968260
33 17 17 2968212 2968260
33 18 9 2968212 2968260
33 19 8 2968212 2968260
33 20 358 2968212 2968260
33 21 366 2968212 2968260
33 22 374 2968212 2968260
33 23 17 2968212 2968260
33 24 9 2968212 2968260
33 25 8 2968212 2968260
33 26 17 2968212 2968260
33 27 358 2968212 2968260
33 28 366 2968212 2968260
33 29 374 2968212 2968260
33 30 135 2968212 2968260
33 31 8 2968212 2968260
33 32 212 2968212 2968260
33 33 220 2968212 2968260
33 34 228 2968212 2968260
33 35 15 2968212 2968260
33 36 31 2968212 2968260
33 37 21 2968212 2968260
33 38 29 2968212 2968260
33 39 21 2968212 2968260
34 0 28 2968212 2968260
34 1 20 2968212 2968260
34 2 28 2968212 2968260
34 3 36 2968212 2968260
34 4 358 2968212 2968260
34 5 366 2968212 2968260
34 6 686 2968212 2968260
34 7 322 2968212 2968260
34 8 330 2968212 2968260
34 9 337 2968212 2968260
34 10 345 2968212 2968260
34 11 8 2968212 2968260
34 12 135 2968212 2968260
34 13 16 2968212 2968260
34 14 16 2968212 2968260
34 15 231 2968212 2968260
34 16 40 2968212 2968260
34 17 48 2968212 2968260
34 18 56 2968212 2968260
34 19 64 2968212 2968260
34 20 358 2968212 2968260
34 21 366 2968212 2968260
34 22 374 2968212 2968260
34 23 4 2968212 2968260
34 24 9 2968212 2968260
34 25 4 2968212 2968260
34 26 8 2968212 2968260
34 27 358 2968212 2968260
34 28 366 2968212 2968260
34 29 374 2968212 2968260
34 30 135 2968212 2968260
34 31 9 2968212 2968260
34 32 212 2968212 2968260
34 33 220 2968212 2968260
34 34 228 2968212 2968260
34 35 14 2968212 2968260
34 36 30 2968212 2968260
34 37 20 2968212 2968260
34 38 28 2968212 2968260
34 39 20 2968212 2968260
35 0 29 2968212 2968260
35 1 21 2968212 2968260
35 2 29 2968212 2968260
35 3 37 2968212 2968260
35 4 358 2968212 2968260
35 5 366 2968212 2968260
35 6 686 2968212 2968260
35 7 322 2968212 2968260
35 8 330 2968212 2968260
35 9 338 2968212 2968260
35 10 346 2968212 2968260
35 11 9 2968212 2968260
35 12 135 2968212 2968260
35 13 9 2968212 2968260
35 14 9 2968212 2968260
35 15 231 2968212 2968260
35 16 41 2968212 2968260
35 17 49 2968212 2968260
35 18 57 2968212 2968260
35 19 65 2968212 2968260
35 20 358 2968212 2968260
35 21 366 2968212 2968260
35 22 374 2968212 2968260
35 23 9 2968212 2968260
35 24 4 2968212 2968260
35 25 9 2968212 2968260
35 26 4 2968212 2968260
35 27 358 2968212 2968260
35 28 366 2968212 2968260
35 29 374 2968212 2968260
35 30 135 2968212 2968260
35 31 16 2968212 2968260
35 32 212 2968212 2968260
35 33 220 2968212 2968260
35 34 228 2968212 2968260
35 35 15 2968212 2968260
35 36 31 2968212 2968260
35 37 21 2968212 2968260
35 38 29 2968212 2968260
35 39 21 2968212 2968260
36 0 28 2968212 2968260
36 1 20 2968212 2968260
36 2 28 2968212 2968260
36 3 36 2968212 2968260
36 4 358 2968212 2968260
36 5 366 2968212 2968260
36 6 686 2968212 2968260
36 7 322 2968212 2968260
36 8 330 2968212 2968260
36 9 339 2968212 2968260
36 10 347 2968212 2968260
36 11 8 2968212 2968260
36 12 135 2968212 2968260
36 13 16 2968212 2968260
36 14 9 2968212 2968260
36 15 231 2968212 2968260
36 16 42 2968212 2968260
36 17 50 2968212 2968260
36 18 58 2968212 2968260
36 19 98 2968212 2968260
36 20 366 2968212 2968260
36 21 366 2968212 2968260
36 22 374 2968212 2968260
36 23 4 2968212 2968260
36 24 17 2968212 2968260
36 25 4 2968212 2968260
36 26 17 2968212 2968260
36 27 358 2968212 2968260
36 28 366 2968212 2968260
36 29 374 2968212 2968260
36 30 135 2968212 2968260
36 31 4 2968212 2968260
36 32 212 2968212 2968260
36 33 220 2968212 2968260
36 34 228 2968212 2968260
36 35 14 2968212 2968260
36 36 30 2968212 2968260
36 37 20 2968212 2968260
36 38 28 2968212 2968260
36 39 20 2968212 2968260
37 0 29 2968212 2968260
37 1 21 2968212 2968260
37 2 29 2968212 2968260
37 3 37 2968212 2968260
37 4 358 2968212 2968260
37 5 366 2968212 2968260
37 6 686 2968212 2968260
37 7 322 2968212 2968260
37 8 330 2968212 2968260
37 9 340 2968212 2968260
37 10 348 2968212 2968260
37 11 9 2968212 2968260
37 12 135 2968212 2968260
37 13 9 2968212 2968260
37 14 16 2968212 2968260
37 15 231 2968212 2968260
37 16 43 2968212 2968260
37 17 51 2968212 2968260
37 18 59 2968212 2968260
37 19 99 2968212 2968260
37 20 358 2968212 2968260
37 21 366 2968212 2968260
37 22 374 2968212 2968260
37 23 9 2968212 2968260
37 24 4 2968212 2968260
37 25 9 2968212 2968260
37 26 4 2968212 2968260
37 27 358 2968212 2968260
37 28 366 2968212 2968260
37 29 374 2968212 2968260
37 30 135 2968212 2968260
37 31 8 2968212 2968260
37 32 212 2968212 2968260
37 33 220 2968212 2968260
37 34 228 2968212 2968260
37 35 15 2968212 2968260
37 36 31 2968212 2968260
37 37 21 2968212 2968260
37 38 29 2968212 2968260
37 39 21 2968212 2968260
38 0 28 2968212 2968260
38 1 20 2968212 2968260
38 2 28 2968212 2968260
38 3 36 2968212 2968260
38 4 358 2968212 2968260
38 5 366 2968212 2968260
38 6 687 2968212 2968260
38 7 323 2968212 2968260
38 8 331 2968212 2968260
38 9 342 2968212 2968260
38 10 350 2968212 2968260
38 11 1 2968212 2968260
38 12 135 2968212 2968260
38 13 16 2968212 2968260
38 14 4 2968212 2968260
38 15 231 2968212 2968260
38 16 8 2968212 2968260
38 17 17 2968212 2968260
38 18 9 2968212 2968260
38 19 8 2968212 2968260
38 20 358 2968212 2968260
38 21 366 2968212 2968260
38 22 374 2968212 2968260
38 23 9 2968212 2968260
38 24 17 2968212 2968260
38 25 9 2968212 2968260
38 26 8 2968212 2968260
38 27 358 2968212 2968260
38 28 366 2968212 2968260
38 29 374 2968212 2968260
38 30 135 2968212 2968260
38 31 4 2968212 2968260
38 32 212 2968212 2968260
38 33 220 2968212 2968260
38 34 228 2968212 2968260
38 35 14 2968212 2968260
38 36 30 2968212 2968260
38 37 20 2968212 2968260
38 38 28 2968212 2968260
38 39 20 2968212 2968260
39 0 29 2968212 2968260
39 1 21 2968212 2968260
39 2 29 2968212 2968260
39 3 37 2968212 2968260
39 4 358 2968212 2968260
39 5 366 2968212 2968260
39 6 413 2968212 2968260
39 7 365 2968212 2968260
39 8 365 2968212 2968260
39 9 365 2968212 2968260
39 10 365 2968212 2968260
39 11 373 2968212 2968260
39 12 135 2968212 2968260
39 13 4 2968212 2968260
39 14 9 2968212 2968260
39 15 231 2968212 2968260
39 16 8 2968212 2968260
39 17 357 2968212 2968260
39 18 365 2968212 2968260
39 19 365 2968212 2968260
39 20 405 2968212 2968260
39 21 366 2968212 2968260
39 22 413 2968212 2968260
39 23 365 2968212 2968260
39 24 365 2968212 2968260
39 25 365 2968212 2968260
39 26 365 2968212 2968260
39 27 405 2968212 2968260
39 28 366 2968212 2968260
39 29 374 2968212 2968260
39 30 135 2968212 2968260
39 31 16 2968212 2968260
39 32 213 2968212 2968260
39 33 221 2968212 2968260
39 34 229 2968212 2968260
39 35 15 2968212 2968260
39 36 31 2968212 2968260
39 37 21 2968212 2968260
39 38 29 2968212 2968260
39 39 21 2968212 2968260
40 0 28 2968212 2968260
40 1 20 2968212 2968260
40 2 28 2968212 2968260
40 3 36 2968212 2968260
40 4 358 2968212 2968260
40 5 366 2968212 2968260
40 6 366 2968212 2968260
40 7 366 2968212 2968260
40 8 366 2968212 2968260
40 9 366 2968212 2968260
40 10 366 2968212 2968260
40 11 374 2968212 2968260
40 12 135 2968212 2968260
40 13 16 2968212 2968260
40 14 4 2968212 2968260
40 15 231 2968212 2968260
40 16 9 2968212 2968260
40 17 358 2968212 2968260
40 18 366 2968212 2968260
40 19 366 2968212 2968260
40 20 366 2968212 2968260
40 21 366 2968212 2968260
40 22 366 2968212 2968260
40 23 366 2968212 2968260
40 24 366 2968212 2968260
40 25 366 2968212 2968260
40 26 366 2968212 2968260
40 27 366 2968212 2968260
40 28 366 2968212 2968260
40 29 374 2968212 2968260
40 30 135 2968212 2968260
40 31 4 2968212 2968260
40 32 8 2968212 2968260
40 33 16 2968212 2968260
40 34 8 2968212 2968260
40 35 14 2968212 2968260
40 36 30 2968212 2968260
40 37 20 2968212 2968260
40 38 28 2968212 2968260
40 39 20 2968212 2968260
41 0 29 2968212 2968260
41 1 21 2968212 2968260
41 2 29 2968212 2968260
41 3 37 2968212 2968260
41 4 359 2968212 2968260
41 5 367 2968212 2968260
41 6 367 2968212 2968260
41 7 367 2968212 2968260
41 8 367 2968212 2968260
41 9 367 2968212 2968260
41 10 367 2968212 2968260
41 11 375 2968212 2968260
41 12 655 2968212 2968260
41 13 4 2968212 2968260
41 14 9 2968212 2968260
41 15 231 2968212 2968260
41 16 8 2968212 2968260
41 17 359 2968212 2968260
41 18 367 2968212 2968260
41 19 367 2968212 2968260
41 20 367 2968212 2968260
41 21 367 2968212 2968260
41 22 367 2968212 2968260
41 23 367 2968212 2968260
41 24 367 2968212 2968260
41 25 367 2968212 2968260
41 26 367 2968212 2968260
41 27 367 2968212 2968260
41 28 367 2968212 2968260
41 29 375 2968212 2968260
41 30 655 2968212 2968260
41 31 17 2968212 2968260
41 32 1 2968212 2968260
41 33 8 2968212 2968260
41 34 1 2968212 2968260
41 35 15 2968212 2968260
41 36 31 2968212 2968260
41 37 21 2968212 2968260
41 38 29 2968212 2968260
41 39 21 2968212 2968260
42 0 28 2968212 2968260
42 1 20 2968212 2968260
42 2 28 2968212 2968260
42 3 20 2968212 2968260
42 4 30 2968212 2968260
42 5 22 2968212 2968260
42 6 30 2968212 2968260
42 7 22 2968212 2968260
42 8 30 2968212 2968260
42 9 22 2968212 2968260
42 10 30 2968212 2968260
42 11 22 2968212 2968260
42 12 30 2968212 2968260
42 13 22 2968212 2968260
42 14 30 2968212 2968260
42 15 22 2968212 2968260
42 16 30 2968212 2968260
42 17 22 2968212 2968260
42 18 30 2968212 2968260
42 19 22 2968212 2968260
42 20 30 2968212 2968260
42 21 22 2968212 2968260
42 22 30 2968212 2968260
42 23 22 2968212 2968260
42 24 30 2968212 2968260
42 25 22 2968212 2968260
42 26 30 2968212 2968260
42 27 22 2968212 2968260
42 28 30 2968212 2968260
42 29 22 2968212 2968260
42 30 30 2968212 2968260
42 31 22 2968212 2968260
42 32 30 2968212 2968260
42 33 22 2968212 2968260
42 34 30 2968212 2968260
42 35 22 2968212 2968260
42 36 30 2968212 2968260
42 37 20 2968212 2968260
42 38 28 2968212 2968260
42 39 20 2968212 2968260
43 0 29 2968212 2968260
43 1 21 2968212 2968260
43 2 29 2968212 2968260
43 3 21 2968212 2968260
43 4 29 2968212 2968260
43 5 21 2968212 2968260
43 6 29 2968212 2968260
43 7 21 2968212 2968260
43 8 29 2968212 2968260
43 9 21 2968212 2968260
43 10 29 2968212 2968260
43 11 21 2968212 2968260
43 12 29 2968212 2968260
43 13 21 2968212 2968260
43 14 29 2968212 2968260
43 15 21 2968212 2968260
43 16 29 2968212 2968260
43 17 21 2968212 2968260
43 18 29 2968212 2968260
43 19 21 2968212 2968260
43 20 29 2968212 2968260
43 21 21 2968212 2968260
43 22 29 2968212 2968260
43 23 21 2968212 2968260
43 24 29 2968212 2968260
43 25 21 2968212 2968260
43 26 29 2968212 2968260
43 27 21 2968212 2968260
43 28 29 2968212 2968260
43 29 21 2968212 2968260
43 30 29 2968212 2968260
43 31 21 2968212 2968260
43 32 29 2968212 2968260
43 33 21 2968212 2968260
43 34 29 2968212 2968260
43 35 21 2968212 2968260
43 36 29 2968212 2968260
43 37 21 2968212 2968260
43 38 29 2968212 2968260
43 39 21 2968212 2968260
44 0 28 2968212 2968260
44 1 20 2968212 2968260
44 2 28 2968212 2968260
44 3 20 2968212 2968260
44 4 28 2968212 2968260
44 5 20 2968212 2968260
44 6 28 2968212 2968260
44 7 20 2968212 2968260
44 8 28 2968212 2968260
44 9 20 2968212 2968260
44 10 28 2968212 2968260
44 11 20 2968212 2968260
44 12 28 2968212 2968260
44 13 20 2968212 2968260
44 14 28 2968212 2968260
44 15 20 2968212 2968260
44 16 28 2968212 2968260
44 17 20 2968212 2968260
44 18 28 2968212 2968260
44 19 20 2968212 2968260
44 20 28 2968212 2968260
44 21 20 2968212 2968260
44 22 28 2968212 2968260
44 23 20 2968212 2968260
44 24 28 2968212 2968260
44 25 20 2968212 2968260
44 26 28 2968212 2968260
44 27 20 2968212 2968260
44 28 28 2968212 2968260
44 29 20 2968212 2968260
44 30 28 2968212 2968260
44 31 20 2968212 2968260
44 32 28 2968212 2968260
44 33 20 2968212 2968260
44 34 28 2968212 2968260
44 35 20 2968212 2968260
44 36 28 2968212 2968260
44 37 20 2968212 2968260
44 38 28 2968212 2968260
44 39 20 2968212 2968260
45 0 29 2968212 2968260
45 1 21 2968212 2968260
45 2 29 2968212 2968260
45 3 21 2968212 2968260
45 4 29 2968212 2968260
45 5 21 2968212 2968260
45 6 29 2968212 2968260
45 7 21 2968212 2968260
45 8 29 2968212 2968260
45 9 21 2968212 2968260
45 10 29 2968212 2968260
45 11 21 2968212 2968260
45 12 29 2968212 2968260
45 13 21 2968212 2968260
45 14 29 2968212 2968260
45 15 21 2968212 2968260
45 16 29 2968212 2968260
45 17 21 2968212 2968260
45 18 29 2968212 2968260
45 19 21 2968212 2968260
45 20 29 2968212 2968260
45 21 21 2968212 2968260
45 22 29 2968212 2968260
45 23 21 2968212 2968260
45 24 29 2968212 2968260
45 25 21 2968212 2968260
45 26 29 2968212 2968260
45 27 21 2968212 2968260
45 28 29 2968212 2968260
45 29 21 2968212 2968260
45 30 29 2968212 2968260
45 31 21 2968212 2968260
45 32 29 2968212 2968260
45 33 21 2968212 2968260
45 34 29 2968212 2968260
45 35 21 2968212 2968260
45 36 29 2968212 2968260
45 37 21 2968212 2968260
45 38 29 2968212 2968260
45 39 21 2968212 2968260
46 0 28 2968212 2968260
46 1 20 2968212 2968260
46 2 28 2968212 2968260
46 3 20 2968212 2968260
46 4 28 2968212 2968260
46 5 20 2968212 2968260
46 6 28 2968212 2968260
46 7 20 2968212 2968260
46 8 28 2968212 2968260
46 9 20 2968212 2968260
46 10 28 2968212 2968260
46 11 20 2968212 2968260
46 12 28 2968212 2968260
46 13 20 2968212 2968260
46 14 28 2968212 2968260
46 15 20 2968212 2968260
46 16 28 2968212 2968260
46 17 20 2968212 2968260
46 18 28 2968212 2968260
46 19 20 2968212 2968260
46 20 28 2968212 2968260
46 21 20 2968212 2968260
46 22 28 2968212 2968260
46 23 20 2968212 2968260
46 24 28 2968212 2968260
46 25 20 2968212 2968260
46 26 28 2968212 2968260
46 27 20 2968212 2968260
46 28 28 2968212 2968260
46 29 20 2968212 2968260
46 30 28 2968212 2968260
46 31 20 2968212 2968260
46 32 28 2968212 2968260
46 33 20 2968212 2968260
46 34 28 2968212 2968260
46 35 20 2968212 2968260
46 36 28 2968212 2968260
46 37 20 2968212 2968260
46 38 28 2968212 2968260
46 39 20 2968212 2968260
47 0 29 2968212 2968260
47 1 21 2968212 2968260
47 2 29 2968212 2968260
47 3 21 2968212 2968260
47 4 29 2968212 2968260
47 5 21 2968212 2968260
47 6 29 2968212 2968260
47 7 21 2968212 2968260
47 8 29 2968212 2968260
47 9 21 2968212 2968260
47 10 29 2968212 2968260
47 11 21 2968212 2968260
47 12 29 2968212 2968260
47 13 21 2968212 2968260
47 14 29 2968212 2968260
47 15 21 2968212 2968260
47 16 29 2968212 2968260
47 17 21 2968212 2968260
47 18 29 2968212 2968260
47 19 21 2968212 2968260
47 20 29 2968212 2968260
47 21 21 2968212 2968260
47 22 29 2968212 2968260
47 23 21 2968212 2968260
47 24 29 2968212 2968260
47 25 21 2968212 2968260
47 26 29 2968212 2968260
47 27 21 2968212 2968260
47 28 29 2968212 2968260
47 29 21 2968212 2968260
47 30 29 2968212 2968260
47 31 21 2968212 2968260
47 32 29 2968212 2968260
47 33 21 2968212 2968260
47 34 29 2968212 2968260
47 35 21 2968212 2968260
47 36 29 2968212 2968260
47 37 21 2968212 2968260
47 38 29 2968212 2968260
47 39 21 2968212 2968260
